101
518
896
779
789
1456
912
836
1120
403
618
499
1007
564
227
749
1208
1133
666
373
1308
12
120
829
1377
541
255
77
326
1048
1353
196
1438
1094
736
346
38
823
1472
1029
1201
1268
637
1298
292
786
277
367
940
1398
101
477
955
1198
1423
1193
642
1365
583
997
130
799
1411
1364
1142
25
1041
866
750
911
1045
435
1009
731
430
592
132
419
559
971
815
50
837
1468
731
347
310
1302
371
736
1073
685
316
404
31
1240
731
244
593
1141
1052
586
509
411
573
847
868
915
267
1417
1434
425
205
1394
345
189
900
1441
834
706
647
492
951
1261
583
768
810
1447
1419
118
355
867
195
1474
126
351
1339
1274
804
288
382
296
969
211
701
283
536
1426
1224
1279
93
622
1264
380
555
565
780
894
483
1084
710
789
885
72
705
1203
967
616
230
919
929
551
1460
467
691
284
899
895
1483
694
1258
290
1214
242
526
820
628
726
1456
907
352
160
14
1092
510
937
278
942
1467
654