262
836
471
176
575
1362
1049
27
785
563
798
644
347
30
768
758
372
818
130
1365
651
1343
1259
635
279
92
245
1234
1285
583
827
151
821
1289
358
1211
1168
1130
1141
1488
363
1394
1260
1102
2
1141
593
1253
1357
958
699
898
1284
124
1245
1294
649
808
205
1498
176
721
663
39
810
1370
703
377
462
925
610
571
936
1270
115
496
872
348
524
149
1330
714
852
1261
1182
346
313
483
846
1047
448
1282
1247
172
136
415
1067
938
177
163
1088
1263
1391
951
432
344
510
537
261
885
1321
46
1148
412
32
277
1456
1485
1194
1376
614
535
377
1306
301
725
813
1477
1147
210
712
798
275
224
1324
1153
717
62
406
256
1205
539
545
671
1333
110
54
895
887
99
617
907
1317
1161
47
893
1459
959
901
364
632
1033
108
209
778
680
544
1424
1150
1056
290
147
453
1178um).
424
860
494
1069
1110
1208
545
1190
17
1015
114
1191
662
1278
419
1421
1099
541
216
134
1428
1157
744
17
982